at2 = 0.5667
theta = 1.5707
res = -1.00406
wrap = -1.00406
 
